-174.11774	NaN	17004	15915	1.25798	1.32668	
-171.71333	NaN	17002	15901	1.22339	1.00384	
-169.31203	NaN	17006	15913	1.31563	1.28632	
-166.91124	NaN	17016	15902	1.54624	1.02978	
-164.50833	NaN	17013	15898	1.47129	0.94330	
-162.10800	NaN	17007	15892	1.34158	0.79341	
-159.70721	NaN	17016	15880	1.54624	0.52534	
-157.30806	NaN	17034	15906	1.96997	1.11625	
-154.90892	NaN	17027	15886	1.80566	0.66658	
-152.50685	NaN	17024	15873	1.73072	0.34950	
-150.10713	NaN	17015	15875	1.51741	0.40715	
-147.70673	NaN	17027	15874	1.79990	0.37833	
-145.30753	NaN	17025	15875	1.75666	0.39851	
-142.90887	NaN	17027	15880	1.79702	0.53110	
-140.50703	NaN	17010	15854	1.39923	-0.08576	
-138.10745	NaN	17025	15877	1.76243	0.45904	
-135.70676	NaN	17011	15867	1.42517	0.22555	
-133.30760	NaN	17016	15866	1.54047	0.19961	
-130.90897	NaN	17018	15886	1.59812	0.65217	
-128.50716	NaN	17002	15868	1.22051	0.24861	
-126.10703	NaN	17016	15883	1.54912	0.58875	
-123.70671	NaN	16991	15873	0.97838	0.35527	
-121.30723	NaN	17016	15886	1.54624	0.64929	
-118.90843	NaN	17000	15888	1.17151	0.69829	
-116.50724	NaN	16987	15877	0.87461	0.44174	
-114.10720	NaN	16988	15878	0.90343	0.48210	
-111.70755	NaN	16986	15893	0.85443	0.83088	
-109.30779	NaN	16991	15894	0.96108	0.83377	
-106.90839	NaN	16986	15900	0.85731	0.97213	
-104.50739	NaN	16963	15884	0.32404	0.60605	
-102.10713	NaN	16978	15894	0.65842	0.83665	
-99.70695	NaN	16981	15908	0.74489	1.15949	
-97.30759	NaN	16977	15902	0.64977	1.02401	
-94.90846	NaN	16998	15918	1.12827	1.38721	
-92.41177	NaN	17007	15931	1.34158	1.70141	
-90.10737	NaN	16990	15909	0.93802	1.19408	
-87.70684	NaN	16983	15900	0.78813	0.97789	
-85.30804	NaN	16986	15906	0.84290	1.11049	
-82.90835	NaN	17007	15907	1.33005	1.13931	
-80.50749	NaN	16996	15901	1.09080	1.00960	
-78.10727	NaN	16990	15891	0.94667	0.76747	
-75.70647	NaN	17000	15885	1.18592	0.63775	
-73.30758	NaN	17006	15901	1.31275	1.00960	
-70.90826	NaN	17003	15883	1.25222	0.58587	
-68.41149	NaN	17027	15898	1.80855	0.92889	
-66.01140	NaN	16999	15877	1.44246	0.76170	
-63.70662	NaN	17017	15880	1.55777	0.51957	
-61.30779	NaN	17017	15888	1.56065	0.69541	
-58.81237	NaN	17016	15885	1.54047	0.63487	
-56.41164	NaN	17036	15896	2.01609	0.87989	
-54.01164	NaN	17014	15881	1.50876	0.53398	
-51.61107	NaN	17022	15887	1.67307	0.67235	
-49.30776	NaN	17021	15879	1.65001	0.49075	
-46.81192	NaN	17007	15877	1.33869	0.45616	
-44.41124	NaN	17020	15885	1.62695	0.63775	
-42.01184	NaN	17010	15880	1.41652	0.51092	
-39.61070	NaN	17010	15889	1.41076	0.72135	
-37.21132	NaN	17016	15886	1.54335	0.66370	
-34.90792	NaN	16990	15882	0.93802	0.57146	
-32.50692	NaN	16983	15874	0.79390	0.37544	
-30.01160	NaN	16987	15878	0.88037	0.47057	
-27.61085	NaN	16991	15902	0.96108	1.03843	
-25.21110	NaN	17005	15910	1.29834	1.20850	
-22.81192	NaN	16981	15893	0.73048	0.82224	
-20.50698	NaN	16978	15899	0.67283	0.95772	
-18.10781	NaN	16984	15896	0.80831	0.87989	
-15.61120	NaN	16995	15918	1.06197	1.39298	
-13.21144	NaN	17001	15923	1.19168	1.51404	
-10.81218	NaN	16989	15907	0.92361	1.14508	
-8.41173	NaN	17003	15925	1.24357	1.55728	
-6.01224	NaN	16987	15904	0.88614	1.08166	
-3.61140	NaN	16998	15912	1.13403	1.26326	
-1.21147	NaN	17003	15922	1.25510	1.49387	
1.18810	NaN	16992	15899	0.98126	0.96060	
3.58894	NaN	17018	15925	1.60100	1.55728	
5.98789	NaN	16995	15900	1.06774	0.98366	
8.38859	NaN	17015	15905	1.52894	1.10184	
10.78872	NaN	17025	15920	1.75090	1.43622	
13.18772	NaN	17007	15891	1.33005	0.77323	
15.58884	NaN	17035	15910	1.97285	1.20561	
17.98806	NaN	17022	15901	1.68460	0.99807	
20.38819	NaN	17025	15889	1.76243	0.73576	
22.78862	NaN	17031	15894	1.88061	0.83377	
25.18735	NaN	17026	15886	1.78260	0.66370	
27.58853	NaN	17050	15895	2.33028	0.86259	
29.98823	NaN	17025	15875	1.76243	0.41292	
32.38811	NaN	17031	15874	1.88061	0.38986	
34.78868	NaN	17046	15883	2.23516	0.58299	
37.18761	NaN	17018	15863	1.59236	0.12466	
39.58896	NaN	17050	15889	2.32740	0.72423	
41.98840	NaN	17028	15870	1.81143	0.28320	
44.38796	NaN	17030	15879	1.86908	0.49363	
46.78859	NaN	17040	15885	2.08815	0.64352	
49.18739	NaN	17011	15872	1.43958	0.32932	
51.58901	NaN	17027	15888	1.79990	0.71270	
53.98869	NaN	17018	15878	1.58371	0.47633	
56.38795	NaN	17011	15889	1.43958	0.72711	
58.78860	NaN	17020	15889	1.63559	0.71847	
61.18715	NaN	17005	15888	1.29834	0.69541	
63.58879	NaN	17017	15908	1.56065	1.15949	
65.98874	NaN	16998	15882	1.13980	0.57434	
68.38775	NaN	16998	15899	1.12539	0.95195	
70.78860	NaN	17014	15910	1.50588	1.20273	
73.18757	NaN	16992	15893	0.98414	0.81071	
75.58914	NaN	16995	15908	1.06197	1.17102	
77.98866	NaN	16991	15899	0.97838	0.96348	
80.38783	NaN	16990	15902	0.95243	1.02978	
82.78825	NaN	16996	15914	1.07350	1.30362	
85.18722	NaN	16998	15909	1.13115	1.19985	
87.58877	NaN	17001	15922	1.20033	1.49963	
89.98876	NaN	16988	15906	0.89190	1.11049	
92.38828	NaN	17007	15913	1.33869	1.28056	
94.78811	NaN	17012	15927	1.45688	1.60340	
97.18683	NaN	17000	15899	1.16862	0.95195	
99.58860	NaN	17018	15916	1.59236	1.35550	
101.98891	NaN	17005	15905	1.28104	1.09319	
104.38822	NaN	17020	15902	1.62695	1.01825	
106.78828	NaN	17015	15904	1.52894	1.07590	
109.18740	NaN	17013	15891	1.47994	0.77323	
111.58900	NaN	17035	15900	1.99014	0.98942	
113.98908	NaN	17006	15883	1.30410	0.58010	
116.38890	NaN	17020	15880	1.62695	0.51669	
118.78825	NaN	17025	15892	1.74225	0.79053	
121.18720	NaN	17008	15875	1.37040	0.41292	
123.58887	NaN	17032	15888	1.90943	0.71558	
125.98889	NaN	17007	15877	1.33581	0.44463	
128.38893	NaN	17021	15888	1.65865	0.70117	
130.78839	NaN	17025	15887	1.74801	0.68964	
133.18712	NaN	17007	15878	1.33293	0.48498	
135.58897	NaN	17024	15887	1.71919	0.68099	
137.98874	NaN	17013	15881	1.47417	0.54263	
140.38890	NaN	17002	15884	1.22627	0.60605	
142.78812	NaN	17014	15886	1.49435	0.66658	
145.18713	NaN	16998	15887	1.13980	0.68388	
147.58870	NaN	17013	15905	1.47705	1.10761	
149.98853	NaN	16985	15878	0.82272	0.47057	
152.38918	NaN	16995	15903	1.06485	1.05572	
154.78850	NaN	17000	15904	1.17151	1.06437	
157.18729	NaN	16981	15896	0.73048	0.90006	
159.58907	NaN	16987	15910	0.86596	1.22003	
161.98878	NaN	16982	15901	0.75354	1.00095	
164.38928	NaN	16983	15911	0.78813	1.22579	
166.78847	NaN	16988	15917	0.90055	1.36992	
169.18689	NaN	16986	15910	0.84578	1.20561	
171.58881	NaN	16995	15929	1.06197	1.65529	
173.98877	NaN	16979	15908	0.68724	1.17390	
173.17079	NaN	16903	15832	-1.05669	-0.57867	
170.76218	NaN	16910	15836	-0.89815	-0.49220	
168.35658	NaN	16892	15830	-1.30747	-0.63632	
165.95193	NaN	16893	15820	-1.29017	-0.85539	
163.54903	NaN	16911	15833	-0.87509	-0.57291	
161.14836	NaN	16880	15808	-1.59284	-1.14941	
158.74884	NaN	16899	15811	-1.15758	-1.07447	
156.34933	NaN	16888	15801	-1.40547	-1.30795	
153.94812	NaN	16893	15805	-1.28441	-1.21859	
151.54730	NaN	16901	15794	-1.11434	-1.45784	
149.14749	NaN	16889	15788	-1.38530	-1.61062	
146.74811	NaN	16914	15800	-0.81456	-1.33389	
144.34915	NaN	16914	15794	-0.81167	-1.46361	
141.94792	NaN	16906	15792	-0.98174	-1.50685	
139.54695	NaN	16938	15809	-0.24670	-1.12059	
137.14720	NaN	16917	15791	-0.73384	-1.52991	
134.74817	NaN	16933	15802	-0.37641	-1.27048	
132.34898	NaN	16932	15791	-0.39371	-1.52414	
129.94785	NaN	16930	15797	-0.43694	-1.40019	
127.54675	NaN	16945	15810	-0.08816	-1.10329	
125.14718	NaN	16928	15786	-0.48595	-1.64233	
122.74780	NaN	16929	15797	-0.46000	-1.39443	
120.34883	NaN	16927	15787	-0.51477	-1.62791	
117.94810	NaN	16922	15788	-0.63007	-1.59044	
115.54695	NaN	16936	15811	-0.29282	-1.06005	
113.14716	NaN	16914	15779	-0.80879	-1.80663	
110.74783	NaN	16922	15799	-0.61854	-1.33966	
108.34856	NaN	16915	15793	-0.79438	-1.48667	
105.94810	NaN	16911	15790	-0.88374	-1.54432	
103.54722	NaN	16917	15810	-0.73961	-1.09464	
101.14738	NaN	16911	15800	-0.86644	-1.31660	
98.74782	NaN	16915	15817	-0.77996	-0.94187	
96.34833	NaN	16907	15817	-0.95868	-0.93899	
93.94815	NaN	16907	15813	-0.96156	-1.03123	
91.54741	NaN	16910	15829	-0.90103	-0.65650	
89.14748	NaN	16900	15813	-1.12587	-1.01393	
86.74768	NaN	16909	15821	-0.92409	-0.83233	
84.34811	NaN	16900	15822	-1.12587	-0.81792	
81.94798	NaN	16904	15816	-1.03939	-0.96493	
79.54726	NaN	16910	15822	-0.89527	-0.81792	
77.14743	NaN	16893	15807	-1.29882	-1.17247	
74.74769	NaN	16896	15798	-1.22676	-1.37425	
72.34803	NaN	16902	15809	-1.08263	-1.11194	
69.94801	NaN	16901	15802	-1.11434	-1.28489	
67.54723	NaN	16915	15804	-0.79438	-1.23877	
65.14732	NaN	16896	15794	-1.22676	-1.47226	
62.74735	NaN	16922	15802	-0.61566	-1.26760	
60.34814	NaN	16909	15788	-0.93274	-1.59620	
57.94812	NaN	16907	15787	-0.95868	-1.61927	
55.54742	NaN	16941	15801	-0.17752	-1.30219	
53.14747	NaN	16919	15787	-0.69061	-1.63080	
50.74748	NaN	16924	15780	-0.57531	-1.78357	
48.34787	NaN	16935	15780	-0.33317	-1.77780	
45.94793	NaN	16926	15779	-0.53783	-1.80086	
43.54744	NaN	16946	15789	-0.07663	-1.58467	
41.14737	NaN	16932	15774	-0.39947	-1.93058	
38.74763	NaN	16950	15796	0.01561	-1.42614	
36.34812	NaN	16949	15783	0.00120	-1.72592	
33.94782	NaN	16936	15780	-0.30435	-1.79222	
31.54743	NaN	16953	15799	0.09921	-1.34254	
29.14757	NaN	16929	15770	-0.45712	-2.02282	
26.74776	NaN	16940	15795	-0.20922	-1.43478	
24.34792	NaN	16940	15796	-0.20922	-1.41749	
21.94752	NaN	16937	15798	-0.28705	-1.37137	
19.54741	NaN	16945	15820	-0.08239	-0.87269	
17.14776	NaN	16938	15807	-0.24670	-1.16383	
14.74791	NaN	16938	15822	-0.24381	-0.81792	
12.34789	NaN	16936	15823	-0.30435	-0.78333	
9.94739	NaN	16929	15813	-0.45424	-1.02258	
7.54738	NaN	16935	15839	-0.32453	-0.41725	
5.14752	NaN	16917	15813	-0.74537	-1.01682	
2.74803	NaN	16916	15820	-0.75402	-0.86116	
0.34808	NaN	16907	15822	-0.96733	-0.81216	
-2.05241	NaN	16909	15818	-0.93274	-0.90728	
-4.45242	NaN	16921	15844	-0.64449	-0.29907	
-6.85228	NaN	16897	15819	-1.18928	-0.87557	
-9.25179	NaN	16910	15824	-0.89238	-0.76315	
-11.65204	NaN	16899	15827	-1.14316	-0.70550	
-14.05265	NaN	16898	15819	-1.16911	-0.88422	
-16.45250	NaN	16907	15821	-0.97309	-0.84098	
-18.85225	NaN	16895	15819	-1.24693	-0.89287	
-21.25183	NaN	16920	15829	-0.65890	-0.64497	
-23.65194	NaN	16905	15816	-1.01345	-0.95628	
-26.05273	NaN	16902	15812	-1.08551	-1.05429	
-28.45244	NaN	16929	15821	-0.46000	-0.84675	
-30.85237	NaN	16900	15801	-1.12010	-1.30507	
-33.25166	NaN	16915	15800	-0.78861	-1.32525	
-35.65163	NaN	16921	15798	-0.64737	-1.36560	
-38.05277	NaN	16918	15803	-0.72231	-1.24454	
-40.45275	NaN	16939	15805	-0.23228	-1.20995	
-42.85245	NaN	16909	15780	-0.92121	-1.78933	
-45.25130	NaN	16932	15800	-0.38218	-1.33101	
-47.65145	NaN	16934	15792	-0.33606	-1.51838	
-50.05283	NaN	16924	15793	-0.56666	-1.47514	
-52.45297	NaN	16945	15806	-0.08816	-1.17536	
-54.85265	NaN	16922	15780	-0.63007	-1.77780	
-57.25154	NaN	16932	15803	-0.38794	-1.25607	
-59.65133	NaN	16926	15788	-0.52342	-1.59044	
-62.05302	NaN	16922	15791	-0.61566	-1.52414	
-64.45307	NaN	16937	15810	-0.27264	-1.09464	
-66.85268	NaN	16933	15799	-0.36200	-1.34254	
-69.25169	NaN	16927	15806	-0.50324	-1.18977	
-71.65137	NaN	16921	15804	-0.64160	-1.24165	
-74.05268	NaN	16922	15802	-0.62719	-1.27336	
-76.45317	NaN	16937	15833	-0.27840	-0.57291	
-78.85280	NaN	16908	15801	-0.94139	-1.29642	
-81.25159	NaN	16917	15819	-0.73384	-0.88422	
-83.65149	NaN	16905	15815	-1.00768	-0.96781	
-86.05305	NaN	16914	15822	-0.81456	-0.82080	
-88.45320	NaN	16906	15824	-0.99904	-0.76027	
-90.85265	NaN	16892	15810	-1.32476	-1.09464	
-93.25140	NaN	16898	15815	-1.16911	-0.97070	
-95.65146	NaN	16902	15827	-1.09416	-0.70550	
-98.05307	NaN	16894	15811	-1.25846	-1.07447	
-100.45327	NaN	16910	15829	-0.89238	-0.66515	
-102.85262	NaN	16887	15807	-1.44006	-1.16383	
-105.25156	NaN	16903	15809	-1.07110	-1.10906	
-107.65112	NaN	16897	15806	-1.20658	-1.18112	
-110.05276	NaN	16898	15803	-1.18640	-1.25318	
-112.45328	NaN	16922	15812	-0.62143	-1.05141	
-114.85280	NaN	16911	15809	-0.88374	-1.12635	
-117.25168	NaN	16913	15793	-0.84050	-1.48090	
-119.65118	NaN	16919	15798	-0.68484	-1.36272	
-122.05280	NaN	16911	15794	-0.88662	-1.47226	
-124.45347	NaN	16940	15803	-0.20634	-1.25895	
-126.85317	NaN	16905	15778	-1.01345	-1.84122	
-129.25182	NaN	16933	15794	-0.37641	-1.45784	
-131.65103	NaN	16931	15785	-0.41965	-1.66827	
-134.05237	NaN	16922	15783	-0.62143	-1.71439	
-136.45293	NaN	16942	15792	-0.16022	-1.51261	
-138.85272	NaN	16934	15784	-0.35047	-1.69421	
-141.25162	NaN	16937	15790	-0.27552	-1.55297	
-143.65102	NaN	16948	15791	-0.01609	-1.53855	
-146.05263	NaN	16930	15783	-0.43983	-1.72304	
-148.45319	NaN	16954	15808	0.12227	-1.13500	
-150.85255	NaN	16930	15777	-0.43983	-1.86428	
-153.25165	NaN	16950	15808	0.01561	-1.13212	
-155.65097	NaN	16944	15798	-0.10545	-1.37137	
-158.05258	NaN	16942	15803	-0.17175	-1.25895	
-160.45334	NaN	16947	15828	-0.03627	-0.67956	
-162.85281	NaN	16933	15802	-0.37929	-1.27336	
-165.25157	NaN	16926	15813	-0.53207	-1.02835	
-167.65086	NaN	16932	15826	-0.39947	-0.72568	
-170.05251	NaN	16927	15817	-0.51766	-0.93034	
-172.45325	NaN	16927	15839	-0.50901	-0.42878	
-174.85281	NaN	16908	15814	-0.93850	-0.99952	
0.00000	NaN	0	0	0.00000	0.00000	
0.00000	NaN	0	0	0.00000	0.00000	
0.00000	NaN	0	0	0.00000	0.00000	
0.00000	NaN	0	0	0.00000	0.00000	
0.00000	NaN	0	0	0.00000	0.00000	
0.00000	NaN	0	0	0.00000	0.00000	
0.00000	NaN	0	0	0.00000	0.00000	
0.00000	NaN	0	0	0.00000	0.00000	
