-174.50732	NaN	17010	15916	1.41076	1.34974	
-172.10188	NaN	17009	15918	1.38193	1.40451	
-169.69917	NaN	17013	15912	1.46552	1.25462	
-167.29533	NaN	17015	15904	1.51741	1.06725	
-164.89330	NaN	17018	15910	1.59524	1.20273	
-162.49251	NaN	17020	15895	1.64424	0.86547	
-160.09216	NaN	17010	15884	1.41652	0.61758	
-157.69331	NaN	17021	15889	1.65001	0.73288	
-155.29234	NaN	17011	15869	1.43670	0.26591	
-152.89153	NaN	17027	15889	1.79702	0.72423	
-150.49147	NaN	17015	15868	1.51165	0.23708	
-148.09164	NaN	17024	15871	1.72495	0.30338	
-145.69315	NaN	17018	15871	1.59524	0.30915	
-143.29227	NaN	17018	15865	1.58371	0.16502	
-140.89134	NaN	17011	15865	1.42805	0.16790	
-138.49155	NaN	17018	15874	1.58659	0.38986	
-136.09166	NaN	17011	15858	1.42517	0.01801	
-133.69293	NaN	17012	15870	1.45111	0.29473	
-131.29239	NaN	16998	15861	1.12539	0.08143	
-128.89149	NaN	17007	15866	1.33293	0.20538	
-126.49167	NaN	16998	15871	1.13980	0.30338	
-124.09171	NaN	16997	15863	1.09656	0.13619	
-121.69279	NaN	17001	15875	1.19168	0.41292	
-119.29274	NaN	16995	15881	1.06774	0.54551	
-116.89171	NaN	17006	15885	1.32428	0.63487	
-114.49158	NaN	17001	15897	1.19457	0.90295	
-112.09188	NaN	16986	15881	0.84578	0.54551	
-109.69271	NaN	17003	15902	1.24357	1.02690	
-107.29276	NaN	16982	15898	0.76219	0.94330	
-104.89211	NaN	16986	15897	0.85443	0.91448	
-102.49152	NaN	16973	15891	0.54312	0.76459	
-100.09200	NaN	16976	15902	0.61806	1.01825	
-97.69222	NaN	16973	15889	0.56329	0.73000	
-95.29266	NaN	16980	15904	0.70742	1.07878	
-92.89223	NaN	16988	15910	0.90920	1.22003	
-90.49157	NaN	16989	15904	0.91784	1.07013	
-88.09203	NaN	16984	15907	0.80543	1.14796	
-85.69249	NaN	16988	15901	0.88902	1.00095	
-83.29244	NaN	16989	15896	0.93226	0.89430	
-80.89229	NaN	16998	15907	1.12250	1.15084	
-78.49115	NaN	17007	15898	1.32716	0.92889	
-76.09184	NaN	17004	15900	1.26375	0.97213	
-73.69221	NaN	17006	15893	1.31852	0.81071	
-71.29256	NaN	17010	15886	1.40787	0.66082	
-68.89239	NaN	17018	15901	1.58659	0.99519	
-66.49148	NaN	17006	15877	1.32428	0.45904	
-64.09206	NaN	17015	15882	1.51165	0.57146	
-61.69223	NaN	17016	15886	1.54335	0.65793	
-59.29213	NaN	17010	15872	1.41076	0.34085	
-56.89224	NaN	17013	15879	1.46552	0.49075	
-54.49106	NaN	17005	15872	1.29257	0.33797	
-52.09221	NaN	17017	15873	1.55777	0.36391	
-49.69223	NaN	17006	15873	1.30699	0.35815	
-47.29197	NaN	17008	15869	1.35022	0.26014	
-44.89223	NaN	17024	15885	1.73648	0.63775	
-42.49128	NaN	17002	15878	1.21186	0.47922	
-40.09201	NaN	17004	15869	1.27240	0.27456	
-37.69207	NaN	17011	15887	1.42805	0.68099	
-35.29194	NaN	16997	15886	1.11674	0.66082	
-32.89229	NaN	17010	15890	1.40787	0.75017	
-30.39578	NaN	16995	15893	1.06774	0.82512	
-28.09186	NaN	16987	15887	0.88614	0.67523	
-25.59618	NaN	16991	15894	0.98414	0.85106	
-23.29177	NaN	16973	15894	0.54888	0.83377	
-20.89242	NaN	16988	15898	0.90631	0.93177	
-18.49151	NaN	16978	15900	0.65842	0.98078	
-16.09195	NaN	16978	15903	0.67859	1.05572	
-13.59613	NaN	16987	15905	0.88037	1.09031	
-11.19558	NaN	16991	15917	0.97838	1.37280	
-8.89261	NaN	16993	15910	1.00432	1.22003	
-6.49161	NaN	16992	15908	1.00144	1.17679	
-4.09180	NaN	16983	15907	0.77372	1.15085	
-1.69186	NaN	17000	15911	1.17439	1.23732	
0.80429	NaN	17008	15913	1.36175	1.27768	
3.20408	NaN	17006	15916	1.30410	1.35262	
5.60410	NaN	17013	15908	1.47705	1.17102	
7.90844	NaN	16994	15895	1.02738	0.87700	
10.30781	NaN	17008	15900	1.36752	0.98366	
12.80469	NaN	17012	15892	1.44823	0.79918	
15.20432	NaN	17018	15903	1.60100	1.04996	
17.60367	NaN	17028	15898	1.82872	0.93177	
20.00435	NaN	17028	15895	1.83161	0.87700	
22.30766	NaN	17018	15883	1.58947	0.60028	
24.80454	NaN	17026	15878	1.76531	0.71847	
27.20426	NaN	17042	15896	2.13427	0.88277	
29.60373	NaN	17045	15890	2.20345	0.75882	
32.00446	NaN	17036	15872	1.99591	0.32932	
34.40314	NaN	17039	15885	2.07662	0.64352	
36.70833	NaN	17028	15865	1.82008	0.17367	
39.10806	NaN	17040	15880	2.10545	0.52245	
41.60372	NaN	17024	15872	1.73936	0.33509	
44.00447	NaN	17025	15864	1.75954	0.15637	
46.40306	NaN	17017	15869	1.57794	0.25726	
48.80461	NaN	17016	15873	1.55488	0.36103	
51.10815	NaN	17023	15873	1.71630	0.36968	
53.60382	NaN	17015	15885	1.51453	0.63487	
56.00448	NaN	17006	15876	1.30410	0.43598	
58.40348	NaN	17014	15884	1.49147	0.60893	
60.80460	NaN	17006	15894	1.30699	0.83377	
63.20470	NaN	17001	15881	1.20898	0.55416	
65.60390	NaN	17009	15903	1.39058	1.04996	
68.00419	NaN	16993	15891	1.00720	0.76459	
70.40333	NaN	16992	15887	1.00144	0.68099	
72.80431	NaN	16992	15902	0.98703	1.02690	
75.20442	NaN	17004	15908	1.27240	1.15661	
77.60384	NaN	16997	15902	1.11097	1.03554	
80.00404	NaN	16978	15898	0.66706	0.93466	
82.40307	NaN	16993	15905	1.01297	1.09896	
84.80414	NaN	16988	15907	0.89767	1.13355	
87.20428	NaN	16982	15906	0.75931	1.12490	
89.60417	NaN	17006	15914	1.31852	1.31227	
92.00401	NaN	16990	15908	0.94379	1.15949	
94.40315	NaN	16987	15895	0.87172	0.87700	
96.80424	NaN	16997	15899	1.10809	0.94907	
99.20440	NaN	17004	15911	1.27528	1.24597	
101.60446	NaN	17006	15894	1.30699	0.84818	
104.00404	NaN	17014	15903	1.49723	1.04707	
106.40305	NaN	17016	15902	1.54047	1.03554	
108.80450	NaN	17027	15897	1.80278	0.92024	
111.20452	NaN	17021	15901	1.65577	1.00672	
113.60461	NaN	17028	15895	1.81143	0.85683	
116.00400	NaN	17019	15879	1.62406	0.50516	
118.40308	NaN	17011	15883	1.41940	0.59163	
120.80435	NaN	17021	15879	1.65001	0.49939	
123.20444	NaN	17024	15887	1.73937	0.67523	
125.60452	NaN	17011	15878	1.42517	0.47345	
128.00435	NaN	17020	15877	1.63559	0.44174	
130.40279	NaN	17011	15880	1.42229	0.51669	
132.80426	NaN	17010	15879	1.41652	0.50804	
135.20425	NaN	17012	15878	1.45111	0.47633	
137.60475	NaN	17017	15893	1.57794	0.81935	
140.00439	NaN	17002	15876	1.22627	0.43886	
142.40303	NaN	17006	15883	1.32428	0.59163	
144.80431	NaN	16994	15887	1.04179	0.68388	
147.20430	NaN	17018	15901	1.58659	1.00672	
149.60486	NaN	17002	15902	1.21186	1.02401	
152.00432	NaN	16997	15898	1.11674	0.93466	
154.40305	NaN	16999	15901	1.15998	1.00384	
156.80417	NaN	16991	15909	0.96973	1.17967	
159.20418	NaN	16993	15907	1.02450	1.14796	
161.60468	NaN	16995	15913	1.05332	1.29209	
164.00470	NaN	16981	15910	0.72760	1.21426	
166.40303	NaN	16986	15907	0.85443	1.15373	
168.80403	NaN	16981	15912	0.73336	1.25750	
171.20438	NaN	16987	15920	0.88614	1.44486	
173.60475	NaN	16993	15914	1.00432	1.31227	
173.55725	NaN	16908	15831	-0.94139	-0.61038	
171.14778	NaN	16897	15828	-1.19793	-0.67380	
168.74060	NaN	16896	15826	-1.22387	-0.72568	
166.33554	NaN	16888	15808	-1.41124	-1.12924	
163.93335	NaN	16883	15814	-1.51789	-0.99087	
161.53339	NaN	16896	15814	-1.21523	-0.99664	
159.13370	NaN	16883	15797	-1.51213	-1.39155	
156.73288	NaN	16887	15805	-1.44006	-1.19842	
154.33150	NaN	16893	15794	-1.29594	-1.47226	
151.93117	NaN	16889	15795	-1.38818	-1.43478	
149.53236	NaN	16886	15785	-1.45736	-1.67980	
147.13326	NaN	16891	15773	-1.34494	-1.94211	
144.73299	NaN	16890	15785	-1.35359	-1.67692	
142.33148	NaN	16900	15776	-1.13163	-1.87004	
139.93114	NaN	16899	15772	-1.16046	-1.97958	
137.53215	NaN	16916	15793	-0.77132	-1.48955	
135.13283	NaN	16909	15767	-0.93274	-2.07759	
132.73294	NaN	16909	15778	-0.92121	-1.84122	
130.33144	NaN	16906	15776	-0.99615	-1.88734	
127.93121	NaN	16924	15778	-0.57242	-1.82681	
125.53204	NaN	16919	15785	-0.68484	-1.67115	
123.13237	NaN	16921	15786	-0.63584	-1.64521	
120.73272	NaN	16923	15781	-0.58972	-1.76339	
118.33160	NaN	16914	15785	-0.80303	-1.66539	
115.93124	NaN	16918	15780	-0.71078	-1.78933	
113.53194	NaN	16929	15798	-0.46289	-1.37713	
111.13252	NaN	16910	15788	-0.89527	-1.59909	
108.73264	NaN	16919	15788	-0.69637	-1.61062	
106.33154	NaN	16904	15793	-1.03651	-1.48955	
103.93134	NaN	16893	15784	-1.30170	-1.69133	
101.53199	NaN	16899	15786	-1.16334	-1.64233	
99.13248	NaN	16892	15799	-1.32476	-1.33966	
96.73272	NaN	16895	15795	-1.25558	-1.44343	
94.33179	NaN	16880	15791	-1.59860	-1.52414	
91.93127	NaN	16881	15798	-1.56690	-1.38002	
89.53196	NaN	16905	15812	-1.02498	-1.03988	
87.13235	NaN	16877	15800	-1.65049	-1.31660	
84.73270	NaN	16888	15806	-1.39971	-1.19553	
82.33170	NaN	16891	15802	-1.34782	-1.27048	
79.93125	NaN	16881	15800	-1.56690	-1.31948	
77.53176	NaN	16900	15805	-1.13163	-1.19842	
75.13218	NaN	16885	15789	-1.48618	-1.57314	
72.73269	NaN	16895	15805	-1.24117	-1.21283	
70.33196	NaN	16887	15781	-1.42277	-1.76339	
67.93118	NaN	16894	15794	-1.27288	-1.46649	
65.53187	NaN	16899	15791	-1.15181	-1.53567	
63.13218	NaN	16897	15776	-1.19505	-1.86716	
60.73227	NaN	16897	15784	-1.19793	-1.69421	
58.33207	NaN	16895	15767	-1.25270	-2.09200	
55.93158	NaN	16892	15758	-1.32476	-2.29666	
53.53211	NaN	16915	15782	-0.78573	-1.73168	
51.13214	NaN	16908	15759	-0.93562	-2.26783	
48.73217	NaN	16925	15781	-0.55801	-1.76051	
46.33192	NaN	16913	15764	-0.82032	-2.15830	
43.93168	NaN	16927	15767	-0.51765	-2.08335	
41.53212	NaN	16924	15771	-0.56954	-1.98535	
39.13203	NaN	16930	15769	-0.43118	-2.02858	
36.73204	NaN	16936	15777	-0.29858	-1.85851	
34.33198	NaN	16923	15769	-0.60125	-2.04876	
31.93165	NaN	16932	15769	-0.39371	-2.04588	
29.53227	NaN	16931	15779	-0.41965	-1.80375	
27.13221	NaN	16919	15774	-0.68772	-1.92770	
24.73201	NaN	16931	15780	-0.40812	-1.78069	
22.33201	NaN	16920	15789	-0.66755	-1.58467	
19.93148	NaN	16915	15781	-0.77996	-1.75474	
17.53226	NaN	16923	15793	-0.60990	-1.48955	
15.13199	NaN	16912	15798	-0.84626	-1.36272	
12.73195	NaN	16920	15798	-0.65890	-1.36272	
10.33203	NaN	16896	15789	-1.22676	-1.58179	
7.93161	NaN	16913	15810	-0.82032	-1.09464	
5.53237	NaN	16922	15815	-0.63007	-0.97934	
3.13216	NaN	16898	15807	-1.18352	-1.15230	
0.73208	NaN	16908	15812	-0.95580	-1.05141	
-1.66789	NaN	16895	15804	-1.25558	-1.23589	
-4.06827	NaN	16892	15815	-1.31900	-0.98223	
-6.46732	NaN	16899	15812	-1.16046	-1.04852	
-8.86750	NaN	16889	15809	-1.37377	-1.11482	
-11.26818	NaN	16898	15824	-1.16622	-0.76604	
-13.66836	NaN	16891	15804	-1.34206	-1.23301	
-16.06860	NaN	16879	15805	-1.61590	-1.21859	
-18.46729	NaN	16890	15807	-1.35071	-1.16959	
-20.86733	NaN	16893	15805	-1.28729	-1.20995	
-23.26822	NaN	16889	15808	-1.37665	-1.14077	
-25.66846	NaN	16892	15794	-1.31323	-1.46937	
-28.06852	NaN	16887	15790	-1.43718	-1.54432	
-30.46728	NaN	16901	15798	-1.10569	-1.37425	
-32.86716	NaN	16896	15774	-1.22964	-1.91328	
-35.26809	NaN	16899	15789	-1.16046	-1.57891	
-37.66838	NaN	16905	15778	-1.02498	-1.82104	
-40.06862	NaN	16910	15781	-0.88950	-1.77204	
-42.46738	NaN	16904	15779	-1.02786	-1.79798	
-44.86722	NaN	16913	15772	-0.82032	-1.96229	
-47.26782	NaN	16912	15779	-0.86356	-1.79798	
-49.66844	NaN	16912	15775	-0.84626	-1.89022	
-52.06863	NaN	16917	15771	-0.74537	-1.99688	
-54.46737	NaN	16914	15781	-0.81167	-1.76916	
-56.86725	NaN	16915	15777	-0.79438	-1.85563	
-59.26784	NaN	16918	15782	-0.70502	-1.74321	
-61.66852	NaN	16907	15779	-0.95868	-1.79798	
-64.06885	NaN	16907	15773	-0.97886	-1.95076	
-66.46740	NaN	16915	15787	-0.79150	-1.61350	
-68.86732	NaN	16912	15790	-0.84626	-1.55008	
-71.26810	NaN	16912	15786	-0.85491	-1.63656	
-73.66859	NaN	16900	15790	-1.13163	-1.56450	
-76.06840	NaN	16903	15792	-1.05381	-1.51261	
-78.46732	NaN	16908	15801	-0.94139	-1.29066	
-80.86710	NaN	16889	15798	-1.37953	-1.35984	
-83.26799	NaN	16895	15800	-1.23540	-1.33101	
-85.66872	NaN	16898	15809	-1.17775	-1.10618	
-88.06876	NaN	16890	15810	-1.37088	-1.09753	
-90.46732	NaN	16892	15805	-1.31035	-1.21859	
-92.86685	NaN	16880	15800	-1.59860	-1.31948	
-95.26787	NaN	16895	15816	-1.25270	-0.94475	
-97.66890	NaN	16886	15800	-1.46312	-1.32525	
-100.06882	NaN	16879	15803	-1.62166	-1.25607	
-102.46738	NaN	16898	15814	-1.18640	-1.00817	
-104.86677	NaN	16879	15787	-1.60725	-1.61638	
-107.26788	NaN	16887	15800	-1.42565	-1.31660	
-109.66898	NaN	16888	15786	-1.40836	-1.65674	
-112.06885	NaN	16883	15786	-1.51501	-1.64521	
-114.46781	NaN	16901	15794	-1.09993	-1.45496	
-116.86723	NaN	16897	15778	-1.20081	-1.83545	
-119.26791	NaN	16899	15792	-1.16046	-1.50685	
-121.66901	NaN	16900	15771	-1.13740	-1.98535	
-124.06895	NaN	16904	15775	-1.03651	-1.89311	
-126.46770	NaN	16913	15783	-0.82897	-1.71727	
-128.86674	NaN	16914	15766	-0.81167	-2.10641	
-131.26779	NaN	16919	15783	-0.69925	-1.72592	
-133.66882	NaN	16924	15780	-0.57819	-1.78357	
-136.06880	NaN	16920	15766	-0.66178	-2.10641	
-138.46756	NaN	16925	15779	-0.56378	-1.81528	
-140.86673	NaN	16925	15773	-0.55801	-1.93634	
-143.26768	NaN	16932	15779	-0.39082	-1.80086	
-145.66869	NaN	16915	15770	-0.77708	-2.02570	
-148.06892	NaN	16928	15772	-0.48595	-1.96805	
-150.46750	NaN	16929	15783	-0.46000	-1.72015	
-152.86670	NaN	16917	15776	-0.73961	-1.87869	
-155.26752	NaN	16924	15778	-0.58107	-1.83545	
-157.66858	NaN	16919	15787	-0.68196	-1.61927	
-160.06894	NaN	16925	15793	-0.54648	-1.48090	
-162.46783	NaN	16929	15802	-0.46000	-1.27336	
-164.86693	NaN	16904	15795	-1.02786	-1.43190	
-167.26736	NaN	16922	15804	-0.63296	-1.23301	
-169.66864	NaN	16900	15798	-1.13163	-1.35984	
-172.06903	NaN	16908	15813	-0.94427	-1.01393	
-174.46803	NaN	16913	15816	-0.83762	-0.95340	
0.00000	NaN	0	0	0.00000	0.00000	
0.00000	NaN	0	0	0.00000	0.00000	
0.00000	NaN	0	0	0.00000	0.00000	
0.00000	NaN	0	0	0.00000	0.00000	
0.00000	NaN	0	0	0.00000	0.00000	
0.00000	NaN	0	0	0.00000	0.00000	
0.00000	NaN	0	0	0.00000	0.00000	
0.00000	NaN	0	0	0.00000	0.00000	
