141.87018	0.70568371	19746	18931	67.77397	67.46488	141.93904	0.39995062	19629	18814	65.07304	64.76684	
140.91908	0.71247119	19728	18927	67.35313	67.36976	140.98923	0.40698195	19634	18832	65.19123	65.18192	
139.96889	0.72943097	19815	18998	69.35937	69.00127	140.03879	0.41335100	19657	18839	65.72161	65.32893	
139.01697	0.74099028	19892	19079	71.13500	70.87492	139.08943	0.43228242	19797	18980	68.94428	68.59483	
138.06807	0.75519061	19881	19081	70.88711	70.92104	138.13950	0.44316655	19788	18986	68.73962	68.73032	
137.11816	0.75428504	19972	19155	72.97405	72.62173	137.18887	0.44480306	19863	19046	70.46914	70.11681	
136.16592	0.76740253	20030	19217	74.32020	74.05434	136.23936	0.45331979	19942	19129	72.28225	72.03369	
135.21751	0.78007263	20047	19248	74.70646	74.76921	135.28920	0.46112531	19949	19145	72.45808	72.38824	
134.26849	0.79471582	20134	19316	76.72710	76.34884	134.33984	0.48040250	20055	19240	74.89958	74.58185	
133.31509	0.79453778	20139	19331	76.84529	76.67457	133.38968	0.48519462	20064	19257	75.11289	74.97099	
132.36800	0.81346893	20167	19357	77.47080	77.27702	132.43958	0.49590966	20078	19268	75.42997	75.23042	
131.41808	0.82906204	20276	19461	79.99590	79.67816	131.49060	0.51052254	20214	19400	78.56039	78.27148	
130.46416	0.80718434	20267	19467	79.79411	79.81364	130.53932	0.50711977	20220	19422	78.70164	78.78746	
129.51772	0.83844280	20298	19487	80.50322	80.28061	129.58913	0.50843006	20215	19403	78.59210	78.34355	
128.56786	0.86674994	20427	19614	83.46935	83.22079	128.64085	0.52694213	20342	19525	81.51787	81.16266	
127.61480	0.83755243	20401	19606	82.87554	83.01901	127.68978	0.53373992	20327	19534	81.17773	81.36156	
126.66807	0.87836033	20458	19647	84.19286	83.97601	126.73976	0.54122496	20385	19571	82.50082	82.22055	
125.71721	0.88241190	20555	19740	86.42970	86.11773	125.79054	0.54686028	20477	19661	84.62235	84.30462	
124.76558	0.87240827	20530	19739	85.85896	86.08891	124.83974	0.54700881	20426	19636	83.46069	83.72811	
123.81776	0.91831183	20645	19833	88.51376	88.26521	123.89015	0.56537950	20545	19730	86.20775	85.88136	
122.86755	0.91579491	20658	19851	88.79337	88.68030	122.94064	0.56565273	20547	19743	86.24233	86.17538	
121.91608	0.91281718	20657	19867	88.79049	89.03773	121.99032	0.57054549	20503	19708	85.21904	85.38269	
120.96702	0.94129723	20790	19980	91.84597	91.64354	121.04033	0.58030975	20681	19871	89.34106	89.13862	
120.01750	0.93332630	20764	19967	91.24064	91.35240	120.09017	0.57245439	20633	19841	88.21687	88.44682	
119.06625	0.93048340	20784	19992	91.71049	91.92026	119.13999	0.58205760	20642	19846	88.44459	88.57076	
118.11540	0.95858711	20893	20080	94.22982	93.95244	118.19066	0.59380078	20776	19966	91.52312	91.31781	
117.16673	0.95212662	20850	20063	93.22958	93.56330	117.23944	0.57949620	20721	19938	90.26346	90.69230	
116.21741	0.96765602	20902	20101	94.43448	94.45112	116.29153	0.62810314	20791	19991	91.87479	91.89720	
115.26394	0.96243769	20947	20136	95.46355	95.25535	115.34094	0.60779011	20850	20041	93.22382	93.05598	
114.31661	0.97336274	20914	20136	94.71409	95.25246	114.38974	0.60985631	20792	20015	91.88921	92.45065	
113.36769	0.99571240	21025	20219	97.27666	97.16070	113.44201	0.63322628	20923	20122	94.90434	94.91521	
112.41267	0.96555543	21010	20201	96.93075	96.74561	112.49034	0.61496592	20926	20122	94.98505	94.93250	
111.46692	0.99998999	20978	20196	96.18706	96.63031	111.54018	0.62425059	20863	20081	93.52361	93.97550	
110.51694	1.01707447	21104	20297	99.07823	98.95940	110.59226	0.63985348	21019	20213	97.12388	97.02234	
109.56273	0.97820073	21051	20251	97.86757	97.88998	109.64030	0.63320351	20986	20192	96.36866	96.53807	
108.61694	1.01612473	21056	20267	97.97134	98.26471	108.69066	0.64798659	20965	20175	95.87286	96.15469	
107.66576	1.01726127	21171	20359	100.62327	100.38625	107.74165	0.63816011	21112	20302	99.27713	99.06605	
106.71323	0.99733740	21107	20320	99.14742	99.48402	106.79107	0.65361834	21010	20224	96.91345	97.27599	
105.76631	1.03454828	21164	20367	100.47338	100.56496	105.84160	0.65852267	21100	20304	98.98888	99.11794	
104.81598	1.03883517	21191	20374	101.08447	100.74656	104.89199	0.65911031	21137	20323	99.85075	99.56761	
103.86397	1.01505256	21130	20351	99.68068	100.21041	103.94148	0.66215128	21017	20239	97.07487	97.62479	
102.91547	1.03396678	21256	20450	102.58339	102.48761	102.99213	0.66617543	21201	20396	101.32661	101.24812	
101.96565	1.03591657	21230	20412	101.98383	101.61420	102.04147	0.65464711	21143	20332	99.98047	99.75786	
101.01381	1.01564765	21194	20413	101.16518	101.63438	101.09113	0.65409321	21073	20294	98.38354	98.89310	
100.06528	1.06545651	21308	20495	103.78828	103.53685	100.14238	0.66772246	21210	20404	101.52550	101.42396	
99.11524	1.04607904	21263	20449	102.74481	102.47608	99.19103	0.65624285	21133	20335	99.75563	99.83856	
98.16538	1.03799891	21259	20474	102.65833	103.03529	98.24163	0.67006761	21159	20374	100.34655	100.73792	
97.21339	1.05214858	21339	20523	104.49739	104.17389	97.29210	0.66833764	21223	20407	101.84258	101.50179	
96.26468	1.04085732	21290	20490	103.38185	103.40714	96.34010	0.64541352	21125	20339	99.57980	99.92504	
95.31621	1.06840050	21336	20543	104.43109	104.63221	95.39314	0.68918788	21220	20428	101.77052	101.97452	
94.36243	1.05327058	21334	20511	104.38209	103.90293	94.44210	0.66489869	21229	20412	101.98094	101.61996	
93.41553	1.06542969	21262	20474	102.73328	103.04394	93.49080	0.66510820	21116	20338	99.35784	99.89622	
92.46599	1.08077812	21370	20569	105.22667	105.22601	92.54400	0.69559580	21251	20452	102.48250	102.52797	
91.51104	1.02787614	21330	20507	104.31003	103.80781	91.59177	0.66162610	21243	20430	102.30090	102.01776	
90.56513	1.06337869	21255	20472	102.57762	102.99493	90.64145	0.66827500	21145	20369	100.02947	100.62550	
89.61461	1.06514585	21373	20565	105.28432	105.14242	89.69286	0.66281819	21273	20470	102.98118	102.94593	
88.66122	1.02985668	21275	20457	103.03307	102.66056	88.74229	0.66840625	21204	20400	101.40155	101.33459	
87.71497	1.06384945	21264	20478	102.77075	103.13906	87.79266	0.68329132	21181	20400	100.87117	101.33748	
86.76369	1.04511607	21320	20505	104.07078	103.76746	86.84311	0.66602528	21254	20442	102.55457	102.30601	
85.81165	1.02939081	21220	20414	101.76476	101.66897	85.89281	0.67583483	21107	20316	99.15607	99.39465	
84.86407	1.05148172	21292	20500	103.42509	103.65215	84.94330	0.67509377	21217	20430	101.69557	102.03505	
83.91336	1.03665054	21270	20445	102.91199	102.36366	83.99220	0.65321672	21212	20393	101.58604	101.17894	
82.96207	1.02508545	21204	20407	101.40155	101.50467	83.04237	0.65714538	21073	20288	98.38066	98.75185	
82.01366	1.05349565	21281	20483	103.16854	103.25436	82.09389	0.67174447	21197	20404	101.24301	101.41819	
81.06344	1.03607321	21231	20404	102.02706	101.43837	81.14264	0.65504169	21130	20315	99.68645	99.38313	
80.11292	1.01598561	21195	20404	101.18248	101.42107	80.19250	0.65589046	21068	20288	98.25671	98.75185	
79.16207	1.03162849	21268	20454	102.86299	102.57408	79.24339	0.64948577	21149	20347	100.11594	100.10952	
78.21342	1.02999210	21207	20378	101.45344	100.83592	78.29209	0.64139259	21055	20243	97.96269	97.70837	
77.26416	1.03012824	21195	20403	101.18536	101.41531	77.34370	0.65636438	21074	20294	98.38931	98.89310	
76.31117	1.02261543	21202	20381	101.34679	100.90798	76.39374	0.64613926	21085	20276	98.64586	98.47224	
75.36369	1.02069700	21130	20309	99.68068	99.24765	75.44198	0.63304693	20959	20155	95.74892	95.69637	
74.41418	1.02847350	21182	20385	100.88270	100.99734	74.49479	0.65526986	21054	20267	97.92522	98.26183	
73.45973	0.98546588	21135	20305	99.79598	99.14964	73.54335	0.62376732	21036	20216	97.51302	97.10304	
72.51329	0.99935269	21048	20231	97.79263	97.44030	72.59241	0.61934370	20898	20100	94.33360	94.42518	
71.56355	1.01521754	21122	20311	99.49332	99.27936	71.64452	0.62338722	21004	20206	96.77509	96.85803	
70.61024	0.97594732	21018	20184	97.10658	96.34782	70.69370	0.62087238	20933	20112	95.14070	94.68460	
69.66386	0.98985481	20967	20158	95.93916	95.75690	69.74291	0.61572206	20872	20081	93.72826	93.98127	
68.71214	0.97461796	21015	20195	97.04605	96.59860	68.79418	0.60749543	20930	20126	95.07729	95.01898	
67.75993	0.94870430	20925	20087	94.96198	94.11674	67.84367	0.60094559	20795	19976	91.95839	91.55706	
66.81271	0.97663224	20916	20113	94.75156	94.71055	66.89404	0.61174899	20830	20048	92.77126	93.21163	
65.86162	0.95467228	20884	20062	94.02228	93.53736	65.94376	0.58599979	20811	20000	92.33600	92.10762	
64.91057	0.93679929	20799	19966	92.06504	91.31781	64.99422	0.58906853	20654	19843	88.70402	88.49005	
63.96251	0.95533162	20843	20041	93.07970	93.05021	64.04513	0.60115492	20744	19958	90.77943	91.14486	
63.01155	0.92493594	20783	19951	91.69608	90.98920	63.09346	0.56626916	20676	19862	89.22864	88.93684	
62.06099	0.91015977	20712	19891	90.04727	89.59982	62.14370	0.56453264	20581	19784	87.02350	87.12085	
61.11107	0.92966521	20752	19941	90.96392	90.75860	61.19496	0.56860352	20631	19841	88.17075	88.43528	
60.16155	0.90691793	20691	19853	89.57166	88.72065	60.24292	0.53978080	20541	19722	86.10974	85.70553	
59.21213	0.90311998	20627	19812	88.09003	87.77518	59.29503	0.57353789	20516	19728	85.53612	85.82948	
58.25969	0.88654453	20634	19815	88.24281	87.84436	58.34537	0.54844838	20523	19723	85.68889	85.72859	
57.31256	0.88837993	20554	19715	86.41528	85.54122	57.39281	0.52909470	20389	19574	82.61035	82.29838	
56.36227	0.88633341	20545	19733	86.20486	85.96496	56.44574	0.54710943	20432	19651	83.60194	84.06248	
55.40862	0.84901500	20488	19663	84.88467	84.34497	55.49496	0.51825315	20406	19607	82.99949	83.04495	
54.46172	0.86048615	20398	19561	82.80924	81.98995	54.54304	0.50651896	20243	19436	79.22338	79.09589	
53.51208	0.86070758	20436	19632	83.69130	83.62722	53.59592	0.51165754	20313	19534	80.84336	81.36444	
52.55883	0.81172013	20334	19504	81.32186	80.66975	52.64508	0.49937114	20247	19441	79.33580	79.22560	
51.61208	0.82892531	20259	19431	79.59811	78.99212	51.69377	0.49091482	20137	19338	76.79052	76.83887	
50.66051	0.80506808	20279	19465	80.07372	79.77328	50.74464	0.46756721	20196	19410	78.15108	78.51362	
49.70900	0.78830802	20172	19338	77.58611	76.84464	49.79503	0.47652209	20055	19245	74.90823	74.70868	
48.76171	0.80203921	20152	19329	77.13066	76.64862	48.84443	0.46657059	20047	19260	74.71799	75.04882	
47.81096	0.78816646	20100	19279	75.93441	75.48409	47.89497	0.45613557	20014	19222	73.95123	74.17253	
46.85985	0.76667577	19998	19161	73.58515	72.77451	46.94543	0.44810843	19841	19035	69.97334	69.86891	
45.91076	0.76357704	20029	19212	74.30867	73.93616	45.99521	0.44465762	19905	19124	71.44631	71.90686	
44.96062	0.74902219	19925	19108	71.91040	71.53790	45.04414	0.41856357	19824	19034	69.57844	69.83432	
44.00927	0.71635866	19862	19023	70.44032	69.57490	44.09474	0.40682021	19707	18905	66.86598	66.85956	
43.06019	0.73351687	19858	19043	70.35960	70.04475	43.14581	0.42030522	19740	18960	67.62984	68.13075	
42.11119	0.72089040	19763	18937	68.16600	67.59748	42.19402	0.38991719	19629	18834	65.06440	65.22804	
41.16035	0.69507539	19703	18872	66.77085	66.08992	41.24581	0.40541077	19580	18787	63.95174	64.13557	
40.20922	0.69524920	19682	18865	66.29523	65.94579	40.29613	0.39582834	19575	18792	63.81915	64.24510	
39.26090	0.67475206	19597	18765	64.32647	63.62247	39.34330	0.34939310	19449	18655	60.93085	61.10027	
38.31092	0.67255306	19553	18729	63.32335	62.80672	38.39655	0.38252753	19438	18653	60.66278	61.05415	
37.35849	0.64753115	19489	18667	61.84173	61.37410	37.44631	0.35426903	19390	18609	59.57030	60.02796	
36.41092	0.64398652	19383	18550	59.41176	58.67606	36.49408	0.33337656	19240	18443	56.10262	56.20861	
35.46056	0.63741577	19389	18571	59.53283	59.15168	35.54699	0.35030118	19260	18482	56.55517	57.10796	
34.50809	0.58722454	19297	18478	57.42570	57.00996	34.59573	0.31336200	19203	18422	55.24362	55.73299	
33.56104	0.60666263	19198	18363	55.14273	54.36668	33.64451	0.30910721	19074	18278	52.28038	52.40079	
32.60973	0.58628708	19210	18395	55.40792	55.09019	32.69591	0.29255524	19097	18319	52.79636	53.34626	
31.65869	0.56189263	19090	18270	52.63493	52.21055	31.74586	0.28538257	18969	18185	49.85329	50.25043	
30.71157	0.58466506	19041	18212	51.50498	50.87882	30.79565	0.28659713	18910	18120	48.49850	48.75439	
29.75969	0.53881812	19009	18194	50.78147	50.46373	29.84600	0.26413426	18897	18120	48.18719	48.75727	
28.80910	0.53070658	18893	18072	48.11225	47.65615	28.89614	0.26141492	18736	17946	44.48314	44.74191	
27.85999	0.52939796	18868	18043	47.52421	46.98740	27.94556	0.24215932	18747	17962	44.74257	45.11088	
26.90987	0.50438678	18776	17963	45.41132	45.13682	26.99582	0.22392812	18674	17895	43.04188	43.58025	
25.95921	0.49750865	18682	17857	43.23501	42.69244	26.04598	0.21421959	18542	17751	40.01810	40.24229	
25.00953	0.48116860	18661	17846	42.74210	42.43013	25.09609	0.20590499	18549	17768	40.16800	40.64008	
24.06031	0.46729571	18556	17743	40.33519	40.06069	24.14554	0.18830246	18431	17653	37.45842	37.98238	
23.10917	0.44398394	18477	17653	38.51343	37.99680	23.19623	0.18664002	18371	17581	36.06904	36.33070	
22.15886	0.43743488	18444	17637	37.75532	37.62783	22.24641	0.17296652	18351	17574	35.60207	36.16639	
21.21056	0.43088052	18368	17553	35.99986	35.69366	21.29514	0.14628366	18223	17439	32.65324	33.06479	
20.25910	0.40359014	18290	17471	34.18675	33.80272	20.34692	0.14859246	18188	17401	31.84614	32.17697	
19.30866	0.39787003	18229	17420	32.79737	32.62376	19.39666	0.13858102	18118	17339	30.24057	30.75877	
18.36102	0.39193332	18138	17326	30.69889	30.45898	18.44511	0.11238204	18001	17211	27.52523	27.79841	
17.40935	0.36622423	18081	17269	29.37005	29.12437	17.49770	0.11816698	17976	17190	26.95449	27.31415	
16.45820	0.34498715	18008	17199	27.69241	27.52169	16.54601	0.08489329	17887	17104	24.90501	25.31944	
15.47282	0.34962985	17919	17104	25.64294	25.33673	15.59504	0.06739256	17799	17006	22.86706	23.07971	
14.55880	0.31884515	17874	17066	24.60811	24.44315	14.64754	0.06753822	17771	16986	22.23579	22.60698	
13.60872	0.30720854	17766	16966	22.12049	22.14865	13.69631	0.05112108	17662	16877	19.70493	20.08765	
12.66070	0.30980867	17696	16884	20.49186	20.25483	12.74601	0.03962366	17600	16805	18.27519	18.43884	
11.70924	0.28049660	17651	16846	19.45991	19.38431	11.79729	0.02819777	17555	16764	17.24325	17.48761	
10.75851	0.25601608	17554	16757	17.22019	17.33771	10.84606	0.00539292	17432	16641	14.40108	14.66273	
9.77186	0.26020387	17499	16692	15.95188	15.82727	9.89624	-0.00092943	17397	16599	13.60550	13.68843	
8.85952	0.23548155	17414	16615	13.99464	14.05740	8.94686	-0.02303064	17322	16526	11.86733	11.99351	
7.90888	0.22352611	17331	16532	12.08064	12.13475	7.99677	-0.02888305	17206	16410	9.20388	9.33005	
6.95917	0.21399048	17263	16461	10.50678	10.50612	7.00797	-0.04061316	17181	16381	8.62160	8.64977	
6.00949	0.18528791	17194	16396	8.91562	9.00432	6.05820	-0.06828898	17079	16283	6.27811	6.39564	
5.05885	0.17082779	17119	16316	7.19187	7.15086	5.14670	-0.06944493	17024	16220	4.99827	4.95149	
4.07081	0.16328630	17033	16234	5.21446	5.25992	4.19667	-0.08204362	16966	16164	3.66366	3.64570	
3.16004	0.15408596	16974	16182	3.85390	4.06655	3.24553	-0.11762427	16849	16051	0.97137	1.05719	
2.20989	0.14853610	16903	16101	2.20510	2.20732	2.29748	-0.09919861	16814	16008	0.15274	0.05119	
1.25837	0.11468934	16831	16035	0.54476	0.68823	1.30884	-0.12832831	16743	15940	-1.48166	-1.50538	
0.31020	0.11000058	16755	15966	-1.19340	-0.91157	0.35722	-0.16411336	16625	15824	-4.19700	-4.18901	
-0.64053	0.10211290	16683	15888	-2.85951	-2.71027	-0.55181	-0.14275710	16590	15784	-4.99546	-5.10277	
-1.59179	0.06786141	16604	15808	-4.68126	-4.55797	-1.50353	-0.18336552	16506	15699	-6.94981	-7.06289	
-2.53904	0.08020455	16522	15730	-6.57220	-6.36532	-2.45518	-0.19935742	16401	15590	-9.35384	-9.59375	
-3.49082	0.05124671	16455	15661	-8.12877	-7.93630	-3.40206	-0.20125893	16368	15560	-10.11771	-10.28556	
-4.47971	0.01855662	16377	15583	-9.92747	-9.74652	-4.39156	-0.22680810	16268	15457	-12.42374	-12.64347	
-5.38888	0.04305447	16307	15513	-11.52727	-11.35786	-5.34244	-0.23089755	16191	15375	-14.19937	-14.54593	
-6.34052	0.01044996	16225	15434	-13.41533	-13.19115	-6.25231	-0.24392940	16152	15339	-15.10161	-15.37898	
-7.29073	0.00202941	16133	15344	-15.41868	-15.18874	-7.20334	-0.25779864	16014	15201	-18.28103	-18.56418	
-8.27703	0.00875995	16107	15312	-16.15373	-15.98432	-8.15472	-0.28514785	16008	15193	-18.43669	-18.74001	
-9.19036	-0.03203852	15999	15206	-18.64135	-18.42870	-9.10298	-0.29237026	15936	15113	-20.08550	-20.57618	
-10.14066	-0.04019465	15919	15125	-20.46887	-20.30235	-10.09106	-0.29885957	15794	14976	-23.35140	-23.74120	
-11.09025	-0.05158684	15895	15101	-21.02808	-20.85003	-11.04200	-0.31757218	15792	14972	-23.41194	-23.82767	
-12.03970	-0.06105972	15774	14977	-23.81837	-23.70949	-11.95336	-0.33476147	15683	14858	-25.92550	-26.45942	
-13.02902	-0.08549191	15723	14926	-25.00309	-24.89709	-12.90366	-0.35616541	15626	14800	-27.23705	-27.79692	
-13.97875	-0.09986510	15650	14851	-26.68937	-26.63238	-13.85339	-0.35083339	15578	14750	-28.34106	-28.95281	
-14.92746	-0.10127598	15551	14749	-28.95792	-28.98740	-14.80416	-0.38547620	15459	14633	-31.08811	-31.65951	
-15.84025	-0.11947671	15525	14722	-29.56613	-29.59273	-15.79094	-0.37664890	15443	14608	-31.46284	-32.21872	
-16.79062	-0.12552318	15423	14621	-31.91828	-31.91893	-16.74106	-0.39339492	15373	14537	-33.07705	-33.87617	
-17.77751	-0.14637692	15354	14551	-33.50943	-33.53891	-17.69323	-0.43788901	15239	14412	-36.16713	-36.75870	
-18.72858	-0.16803433	15333	14528	-33.99946	-34.08083	-18.64051	-0.41181940	15240	14409	-36.12965	-36.81059	
-19.67877	-0.16957611	15214	14406	-36.74363	-36.88841	-19.59088	-0.43866643	15161	14322	-37.96870	-38.81683	
-20.62689	-0.18426073	15132	14329	-38.62592	-38.65252	-20.50567	-0.47805947	15047	14216	-40.58316	-41.26698	
-21.53997	-0.18926817	15100	14294	-39.36673	-39.46828	-21.49012	-0.45849890	15020	14185	-41.22020	-41.97319	
-22.49182	-0.23273423	15010	14195	-41.45080	-41.75124	-22.44131	-0.49071255	14938	14097	-43.10249	-44.01114	
-23.47677	-0.22362354	14941	14132	-43.03907	-43.20115	-23.39385	-0.51640123	14855	14019	-45.01649	-45.81849	
-24.42769	-0.23295051	14896	14086	-44.06237	-44.26192	-24.34046	-0.50427449	14818	13982	-45.87548	-46.66595	
-25.37871	-0.24889204	14803	13986	-46.21274	-46.58236	-25.29153	-0.53181541	14711	13869	-48.33428	-49.26599	
-26.32609	-0.23366657	14778	13967	-46.78924	-47.01762	-26.20476	-0.53824031	14672	13837	-49.23651	-50.01545	
-27.24029	-0.27862379	14698	13881	-48.63118	-48.99215	-27.19062	-0.54480588	14620	13782	-50.43564	-51.27511	
-28.19090	-0.28939441	14602	13786	-50.83920	-51.18864	-28.14165	-0.57313192	14493	13652	-53.35276	-54.26718	
-29.17673	-0.27799499	14627	13816	-50.27710	-50.48530	-29.09286	-0.57571870	14464	13632	-54.03016	-54.73415	
-30.12744	-0.29903802	14504	13682	-53.10774	-53.58113	-30.04115	-0.59134364	14415	13569	-55.16010	-56.19271	
-31.07858	-0.32052061	14419	13601	-55.07363	-55.44036	-30.99217	-0.61965907	14297	13455	-57.88986	-58.80716	
-32.02728	-0.32014009	14416	13605	-55.14569	-55.35101	-31.94275	-0.61530125	14274	13443	-58.42025	-59.09253	
-32.93916	-0.33265162	14305	13477	-57.69385	-58.31425	-32.89224	-0.64063436	14220	13369	-59.66261	-60.79610	
-33.92794	-0.35635817	14259	13437	-58.75750	-59.24242	-33.84204	-0.63771498	14166	13324	-60.91363	-61.84534	
-34.87682	-0.34284669	14192	13379	-60.29389	-60.56839	-34.79185	-0.63975120	14110	13274	-62.19924	-62.98106	
-35.82716	-0.36717039	14125	13297	-61.84180	-62.46221	-35.74309	-0.68570948	14030	13185	-64.04982	-65.03630	
-36.77727	-0.37419596	14117	13293	-62.02629	-62.54868	-36.69157	-0.67260152	14012	13173	-64.45338	-65.31303	
-37.72760	-0.38496199	14002	13180	-64.69263	-65.15737	-37.64133	-0.68127400	13960	13117	-65.64963	-66.61017	
-38.67679	-0.39977595	13932	13106	-66.28954	-66.85518	-38.59394	-0.71934158	13853	13010	-68.12572	-69.08049	
-39.62724	-0.40329951	13937	13118	-66.17712	-66.59287	-39.54103	-0.70269608	13838	13004	-68.46874	-69.21021	
-40.57812	-0.41493282	13831	13003	-68.62440	-69.24768	-40.49093	-0.71859813	13796	12944	-69.43439	-70.59382	
-41.52633	-0.42897364	13747	12920	-70.57587	-71.16456	-41.44508	-0.76395160	13678	12835	-72.15261	-73.11603	
-42.47750	-0.45033357	13749	12933	-70.51534	-70.84748	-42.39157	-0.75389737	13655	12825	-72.69453	-73.33511	
-43.42815	-0.45028162	13660	12823	-72.57346	-73.39275	-43.34095	-0.75144696	13596	12741	-74.05508	-75.27216	
-44.37526	-0.44201821	13629	12796	-73.28545	-74.00961	-44.25704	-0.78597760	13526	12686	-75.66353	-76.55489	
-45.32631	-0.46094233	13580	12761	-74.41251	-74.81384	-45.24141	-0.77580631	13496	12660	-76.36110	-77.15733	
-46.27848	-0.48154926	13505	12664	-76.15068	-77.05357	-46.19166	-0.79297495	13397	12544	-78.64695	-79.82944	
-47.22642	-0.48383847	13554	12726	-75.02361	-75.63824	-47.14531	-0.82400757	13399	12562	-78.59218	-79.40571	
-48.17606	-0.48340750	13435	12610	-77.76778	-78.29305	-48.09169	-0.80514956	13349	12507	-79.74519	-80.67979	
-49.12822	-0.50596207	13345	12505	-79.83167	-80.72014	-49.04184	-0.82344371	13248	12396	-82.07716	-83.23659	
-50.07633	-0.50429654	13397	12574	-78.62677	-79.12322	-49.99442	-0.83549410	13253	12421	-81.96474	-82.66008	
-51.02615	-0.50807649	13294	12463	-81.01350	-81.68579	-50.94244	-0.84623420	13203	12358	-83.12063	-84.10711	
-51.97838	-0.55137670	13237	12398	-82.33082	-83.19624	-51.89260	-0.85800272	13158	12306	-84.13817	-85.30624	
-52.92597	-0.52469337	13215	12396	-82.83527	-83.22794	-52.84302	-0.84082443	13118	12288	-85.07498	-85.72710	
-53.87587	-0.52258492	13174	12339	-83.78362	-84.55967	-53.79377	-0.89375168	13066	12216	-86.27988	-87.38455	
-54.82667	-0.54345942	13151	12310	-84.31400	-85.22266	-54.74182	-0.86968845	13077	12226	-86.00893	-87.15971	
-55.77558	-0.53576297	13079	12262	-85.97722	-86.33820	-55.69242	-0.87356132	12994	12167	-87.93734	-88.51738	
-56.72647	-0.56563085	13038	12203	-86.91404	-87.69586	-56.64647	-0.94489098	12941	12096	-89.14799	-90.14890	
-57.67627	-0.55964410	13071	12232	-86.16170	-87.01846	-57.59143	-0.89078873	12940	12096	-89.16530	-90.16331	
-58.62635	-0.56029695	12977	12160	-88.32359	-88.68169	-58.54203	-0.90561873	12886	12058	-90.42784	-91.02806	
-59.57561	-0.57309294	12891	12057	-90.29813	-91.05112	-59.49768	-0.96704948	12816	11975	-92.02765	-92.95071	
-60.52617	-0.58259052	12940	12108	-89.17970	-89.87794	-60.44191	-0.92712587	12787	11954	-92.70504	-93.44074	
-61.47694	-0.59460300	12864	12045	-90.93517	-91.33073	-61.39232	-0.93446422	12767	11933	-93.15471	-93.91059	
-62.42524	-0.59193176	12780	11945	-92.86935	-93.63387	-62.34741	-0.96337169	12715	11874	-94.36538	-95.27691	
-63.37570	-0.60429269	12780	11958	-92.86935	-93.34850	-63.29207	-0.94406813	12689	11869	-94.95918	-95.40086	
-64.32698	-0.60719168	12737	11910	-93.85517	-94.43810	-64.24168	-0.95376891	12646	11807	-95.94500	-96.81042	
-65.27474	-0.59545368	12762	11924	-93.28731	-94.11525	-65.19757	-0.98873931	12635	11794	-96.21596	-97.13038	
-66.22520	-0.62363708	12678	11866	-95.22725	-95.46428	-66.14256	-0.96938264	12613	11797	-96.71175	-97.04390	
-67.17680	-0.62495339	12618	11784	-96.60222	-97.34081	-67.09191	-0.96238828	12536	11694	-98.49604	-99.41622	
-68.12507	-0.62044054	12712	11877	-94.42879	-95.21638	-68.04706	-0.99458939	12560	11719	-97.92818	-98.83971	
-69.07433	-0.61825705	12616	11806	-96.65699	-96.83636	-68.99310	-0.98377097	12530	11714	-98.63440	-98.96944	
-70.02721	-0.65560293	12574	11737	-97.60534	-98.42751	-69.94303	-0.99674577	12506	11665	-99.18208	-100.09650	
-70.97575	-0.65395045	12616	11784	-96.64545	-97.34081	-70.89679	-1.01091373	12495	11666	-99.44439	-100.07632	
-71.92442	-0.62830728	12569	11758	-97.72064	-97.94613	-71.84426	-1.00887227	12446	11627	-100.56570	-100.98143	
-72.87576	-0.64874613	12555	11717	-98.04348	-98.89449	-72.79231	-0.99330205	12477	11634	-99.85371	-100.79984	
-73.82428	-0.63788199	12513	11691	-99.01778	-99.49693	-73.74514	-1.00697148	12428	11609	-100.97213	-101.39652	
-74.77473	-0.64439934	12516	11694	-98.95436	-99.42199	-74.69703	-1.05550373	12388	11561	-101.89742	-102.49188	
-75.72611	-0.66514593	12547	11703	-98.23085	-99.21733	-75.64275	-1.01663625	12437	11588	-100.78188	-101.86349	
-76.67468	-0.64284986	12465	11653	-100.13043	-100.38187	-76.59399	-1.00867057	12391	11579	-101.83978	-102.08257	
-77.62476	-0.65661383	12422	11591	-101.11337	-101.80584	-77.54919	-1.07241392	12341	11505	-102.98990	-103.77749	
-78.57552	-0.66177529	12486	11641	-99.65193	-100.64418	-78.49279	-1.02275336	12352	11507	-102.73624	-103.74290	
-79.52470	-0.65382916	12444	11637	-100.60316	-100.74796	-79.44421	-1.02612972	12338	11527	-103.06484	-103.27016	
-80.47398	-0.66578466	12374	11540	-102.21738	-102.97614	-80.39930	-1.07022142	12321	11485	-103.45687	-104.23581	
-81.42483	-0.67178303	12411	11569	-101.37857	-102.30164	-81.34362	-1.03120005	12300	11464	-103.92384	-104.72008	
-82.37487	-0.65327537	12409	11592	-101.42181	-101.78854	-82.29366	-1.02711356	12267	11449	-104.68771	-105.08039	
-83.32346	-0.64378434	12387	11552	-101.92049	-102.70518	-83.24889	-1.06448758	12288	11449	-104.20921	-105.06886	
-84.27363	-0.66471165	12384	11549	-101.98966	-102.76572	-84.19412	-1.03632402	12286	11461	-104.24668	-104.79502	
-85.22588	-0.68173587	12351	11527	-102.76794	-103.26728	-85.14391	-1.03990209	12249	11421	-105.10567	-105.72607	
-86.17448	-0.66755986	12425	11582	-101.05284	-102.01050	-86.09916	-1.05925786	12287	11443	-104.24092	-105.21011	
-87.12343	-0.66602552	12378	11554	-102.12802	-102.65042	-87.04415	-1.03398991	12283	11466	-104.33316	-104.69125	
-88.07555	-0.67823452	12327	11503	-103.31274	-103.84090	-87.99422	-1.04493546	12274	11439	-104.53493	-105.29946	
-89.02403	-0.67259693	12418	11570	-101.21426	-102.28146	-88.94925	-1.06375146	12287	11441	-104.22363	-105.27064	
-89.97270	-0.65909833	12407	11589	-101.47369	-101.84043	-89.89554	-1.05071938	12283	11470	-104.33316	-104.58748	
-90.92493	-0.67897975	12352	11517	-102.73335	-103.49788	-90.84340	-1.02098680	12328	11492	-103.28104	-104.07727	
-91.87373	-0.66839504	12377	11530	-102.16261	-103.21252	-91.79808	-1.04441309	12283	11442	-104.32739	-105.24758	
-92.82327	-0.65823424	12415	11599	-101.27191	-101.60983	-92.74726	-1.07307601	12286	11472	-104.24957	-104.54712	
-93.77467	-0.66990304	12430	11592	-100.94042	-101.77125	-93.69389	-1.03228617	12347	11507	-102.85442	-103.74866	
-94.72346	-0.66531855	12404	11563	-101.53423	-102.45152	-94.64753	-1.04230845	12326	11492	-103.32716	-104.08880	
-95.67372	-0.66875052	12389	11574	-101.88589	-102.19498	-95.59885	-1.06784630	12317	11500	-103.55199	-103.90144	
-96.62475	-0.67191410	12466	11616	-100.10737	-101.23510	-96.54384	-1.02634764	12352	11498	-102.72759	-103.93603	
-97.57341	-0.65763688	12465	11632	-100.13332	-100.84595	-97.49691	-1.02885532	12371	11544	-102.30386	-102.89256	
-98.52367	-0.67045116	12393	11567	-101.79366	-102.35640	-98.45010	-1.06479263	12359	11533	-102.58058	-103.14622	
-99.47480	-0.68640286	12483	11629	-99.72400	-100.91514	-99.39545	-1.03607249	12373	11515	-102.25774	-103.54689	
-100.42328	-0.64737207	12504	11681	-99.21955	-99.72177	-100.34647	-1.01181245	12375	11556	-102.20586	-102.61007	
-101.37249	-0.63893932	12464	11633	-100.15061	-100.84307	-101.29900	-1.03087163	12395	11560	-101.73888	-102.51782	
-102.32308	-0.65424949	12504	11648	-99.22243	-100.48564	-102.24544	-1.01602745	12416	11563	-101.26038	-102.43999	
-103.27335	-0.64086801	12537	11718	-98.46145	-98.86855	-103.19627	-1.00400102	12396	11579	-101.71006	-102.08256	
-104.22361	-0.65093577	12595	11754	-97.12395	-98.04126	-104.15051	-1.04196286	12473	11633	-99.93730	-100.82866	
-105.17187	-0.63191926	12586	11731	-97.34879	-98.57164	-105.09593	-0.99502933	12488	11643	-99.60581	-100.59806	
-106.12361	-0.63232744	12554	11732	-98.06943	-98.56011	-106.04633	-0.99568427	12449	11627	-100.50804	-100.96126	
-107.07372	-0.64470285	12649	11802	-95.88735	-96.93725	-107.00022	-1.02424228	12528	11678	-98.66611	-99.78519	
-108.02147	-0.61735392	12688	11841	-94.99088	-96.03214	-107.94620	-0.98415351	12545	11706	-98.27697	-99.15392	
-108.97446	-0.64844632	12629	11802	-96.34856	-96.94013	-108.89653	-0.98118323	12588	11757	-97.28249	-97.98073	
-109.92283	-0.63231504	12680	11829	-95.16095	-96.32039	-109.85098	-0.99488318	12601	11749	-96.99712	-98.16232	
-110.87141	-0.59807795	12774	11933	-93.01347	-93.92212	-110.79771	-0.98587900	12616	11785	-96.65699	-97.32063	
-111.82316	-0.60571867	12749	11912	-93.58133	-94.40639	-111.74523	-0.94496202	12712	11872	-94.44321	-95.31150	
-112.77157	-0.59688628	12780	11922	-92.86069	-94.17002	-112.69958	-0.96541011	12694	11840	-94.85252	-96.06096	
-113.72205	-0.60058576	12828	11995	-91.76822	-92.48374	-113.64925	-0.98326898	12722	11896	-94.19531	-94.77535	
-114.67346	-0.60218412	12861	12019	-91.00146	-91.94183	-114.59528	-0.92689568	12789	11946	-92.66756	-93.61946	
-115.62158	-0.58538163	12920	12061	-89.62938	-90.97041	-115.54965	-0.94519436	12812	11961	-92.13142	-93.27067	
-116.57200	-0.58114696	12878	12046	-90.61520	-91.29903	-116.49981	-0.95380938	12823	11996	-91.88064	-92.45780	
-117.52351	-0.59493214	12947	12100	-89.01829	-90.06242	-117.44610	-0.91728258	12851	12001	-91.22054	-92.34538	
-118.47169	-0.57456607	13043	12187	-86.79009	-88.06771	-118.39938	-0.92508149	12900	12052	-90.10788	-91.16931	
-119.42204	-0.56334680	12962	12131	-88.66373	-89.35332	-119.34984	-0.91142291	12912	12081	-89.81675	-90.50921	
-120.37252	-0.57687169	13047	12191	-86.71515	-87.96970	-120.29733	-0.90143728	12949	12087	-88.97217	-90.35644	
-121.32165	-0.54141778	13136	12285	-84.65990	-85.80492	-121.24915	-0.89788854	12979	12136	-88.27747	-89.23225	
-122.27264	-0.54193211	13138	12302	-84.60802	-85.40425	-122.20086	-0.90636855	13031	12195	-87.07546	-87.87746	
-123.22200	-0.55741405	13182	12319	-83.59337	-85.01511	-123.14802	-0.87775838	13095	12232	-85.60249	-87.01847	
-124.17188	-0.52044386	13211	12372	-82.91597	-83.80157	-124.09873	-0.85875779	13078	12243	-85.98586	-86.77345	
-125.12311	-0.53426790	13294	12454	-81.01639	-81.91063	-125.05098	-0.87489045	13165	12327	-83.97962	-84.83640	
-126.07034	-0.50897741	13352	12488	-79.68178	-81.12081	-125.99828	-0.84640908	13223	12363	-82.65078	-84.00623	
-127.02234	-0.51297754	13332	12494	-80.13433	-80.97092	-126.94877	-0.83393013	13245	12414	-82.13481	-82.81574	
-127.97326	-0.53193867	13398	12552	-78.62100	-79.64784	-127.90092	-0.84862614	13312	12467	-80.60418	-81.61084	
-128.91940	-0.46605307	13519	12654	-75.83360	-77.28416	-128.84805	-0.80754626	13355	12498	-79.60683	-80.88445	
-129.87180	-0.47726470	13487	12652	-76.55423	-77.33605	-129.79813	-0.78765726	13438	12604	-77.69859	-78.43141	
-130.82159	-0.48043209	13524	12672	-75.70677	-76.87485	-130.75038	-0.79635620	13467	12619	-77.01832	-78.08839	
-131.77023	-0.45282120	13663	12810	-72.49564	-73.69254	-131.69955	-0.79202175	13526	12677	-75.65200	-76.74802	
-132.72249	-0.46823919	13674	12833	-72.25926	-73.15639	-132.64722	-0.75810295	13614	12777	-73.62846	-74.46217	
-133.67090	-0.44719255	13724	12873	-71.09473	-72.22821	-133.59950	-0.75750405	13649	12799	-72.83000	-73.95485	
-134.62057	-0.42604050	13760	12913	-70.26744	-71.30869	-134.54944	-0.75447476	13688	12847	-71.93642	-72.83066	
-135.57211	-0.43543929	13812	12969	-69.05678	-70.03172	-135.49753	-0.72666591	13736	12898	-70.80936	-71.65459	
-136.52023	-0.41856736	13919	13066	-66.58933	-67.78047	-136.45169	-0.73953772	13808	12957	-69.15766	-70.30845	
0.00000	0.00000000	0	0	0.00000	0.00000	0.00000	0.00000000	0	0	0.00000	0.00000	
0.00000	0.00000000	0	0	0.00000	0.00000	0.00000	0.00000000	0	0	0.00000	0.00000	
0.00000	0.00000000	0	0	0.00000	0.00000	0.00000	0.00000000	0	0	0.00000	0.00000	
0.00000	0.00000000	0	0	0.00000	0.00000	0.00000	0.00000000	0	0	0.00000	0.00000	
0.00000	0.00000000	0	0	0.00000	0.00000	0.00000	0.00000000	0	0	0.00000	0.00000	
0.00000	0.00000000	0	0	0.00000	0.00000	0.00000	0.00000000	0	0	0.00000	0.00000	
